3 	27.5
82 	-18.75
123	1234.56
56	187.99
27	4239.22
82	118.75
123	-234.56
3 	27.5
82 	-18.75
123	1234.56
3 	27.5
82 	-18.75
123	1234.56
56	187.99
27	4239.22
56	187.99
27	4239.22
82	118.75
123	-234.56
82	118.75
123	-234.56
82	118.75
123	-234.56
3 	27.5
82 	-18.75
123	1234.56
3 	27.5
82 	-18.75
123	1234.56
56	187.99
27	4239.22
56	187.99
27	4239.22
82	118.75
123	-234.56
3 	27.5
82 	-18.75
123	1234.56
56	187.99
27	4239.22
3 	27.5
27	4239.22
82	118.75
123	-234.56
3 	27.5
82 	-18.75
123	1234.56
56	187.99
82 	-18.75
123	1234.56
56	187.99
27	4239.22
82	118.75
123	-234.56
3 	27.5
82 	-18.75
123	1234.56
82	118.75
123	-234.56
56	187.99
27	4239.22
82	118.75
123	-234.56
3 	27.5
82 	-18.75
123	1234.56
56	187.99
123	1234.56
56	187.99
27	4239.22
82	118.75
123	-234.56
3 	27.5
82 	-18.75
27	4239.22
3 	27.5
82	118.75
123	-234.56
82 	-18.75
123	1234.56
56	187.99
27	4239.22
82	118.75
123	-234.56
3 	27.5
82 	-18.75
123	1234.56
56	187.99
27	4239.22
82	118.75
123	-234.56
3 	27.5
82 	-18.75
123	1234.56
56	187.99
27	4239.22
82	118.75
123	-234.56
3 	27.5
82 	-18.75
123	1234.56
56	187.99
27	4239.22
82	118.75
123	-234.56
3 	27.5
82 	-18.75
123	1234.56
56	187.99
27	4239.22
82	118.75
123	-234.56
3 	27.5
82 	-18.75
123	1234.56
56	187.99
27	4239.22
82	118.75
123	-234.56
3 	27.5
82 	-18.75
123	1234.56
56	187.99
27	4239.22
82	118.75
123	-234.56
3 	27.5
82 	-18.75
123	1234.56
56	187.99
27	4239.22
82	118.75
123	-234.56
3 	27.5
82 	-18.75
123	1234.56
56	187.99
27	4239.22
82	118.75
123	-234.56
3 	27.5
82 	-18.75
123	1234.56
56	187.99
27	4239.22
82	118.75
123	-234.56
3 	27.5
82 	-18.75
123	1234.56
56	187.99
27	4239.22
82	118.75
123	-234.56
27	-12041.2
3 	27.5
82 	-18.75
123	1234.56
56	187.99
27	4239.22
82	118.75
123	-234.56
27	-35000
3 	27.5
82 	-18.75
123	1234.56
56	187.99
27	4239.22
82	118.75
123	-234.56
3 	27.5
82 	-18.75
123	1234.56
56	187.99
27	4239.22
82	118.75
123	-234.56
3 	27.5
82 	-18.75
27	4239.22
82	118.75
123	-234.56
3 	27.5
82 	-18.75
123	1234.56
56	187.99
27	4239.22
82	118.75
123	-234.56
27	-23121.2
123	1234.56
56	187.99
3 	27.5
82 	-18.75
123	1234.56
56	187.99
27	4239.22
82	118.75
123	-234.56
123	1234.56
56	187.99
27	4239.22
82	118.75
123	-234.56
3 	27.5
82 	-18.75
123	1234.56
56	187.99
27	4239.22
27	-13120.2
3 	27.5
82 	-18.75
82	118.75
123	-234.56
3 	27.5
82 	-18.75
123	1234.56
56	187.99
27	4239.22
82	118.75
123	-234.56
3 	27.5
82 	-18.75
123	1234.56
56	187.99
27	4239.22
82	118.75
123	-234.56
3 	27.5
82 	-18.75
123	1234.56
56	187.99
27	4239.22
82	118.75
123	-234.56
3 	27.5
82 	-18.75
123	1234.56
56	187.99
27	4239.22
82	118.75
123	-234.56
3 	27.5
82 	-18.75
123	1234.56
56	187.99
27	4239.22
82	118.75
123	-234.56
3 	27.5
82 	-18.75
123	1234.56
56	187.99
27	4239.22
82	118.75
123	-234.56
3 	27.5
82 	-18.75
123	1234.56
56	187.99
27	4239.22
82	118.75
123	-234.56
3 	27.5
82 	-18.75
123	1234.56
56	187.99
27	4239.22
82	118.75
123	-234.56
3 	27.5
82 	-18.75
123	1234.56
56	187.99
27	4239.22
82	118.75
123	-234.56
3 	27.5
82 	-18.75
123	1234.56
56	187.99
27	4239.22
82	118.75
123	-234.56
3 	27.5
82 	-18.75
123	1234.56
56	187.99
27	4239.22
82	118.75
123	-234.56
3 	27.5
82 	-18.75
123	1234.56
56	187.99
27	4239.22
82	118.75
123	-234.56
3 	27.5
82 	-18.75
123	1234.56
56	187.99
27	4239.22
82	118.75
123	-234.56
3 	27.5
82 	-18.75
123	1234.56
56	187.99
27	4239.22
82	118.75
123	-234.56
3 	27.5
82 	-18.75
123	1234.56
56	187.99
27	4239.22
82	118.75
123	-234.56
3 	27.5
82 	-18.75
123	1234.56
56	187.99
27	4239.22
82	118.75
123	-234.56
3 	27.5
82 	-18.75
123	1234.56
56	187.99
27	4239.22
82	118.75
123	-234.56
3 	27.5
82 	-18.75
123	1234.56
56	187.99
27	4239.22
82	118.75
123	-234.56
3 	27.5
82 	-18.75
123	1234.56
56	187.99
27	4239.22
82	118.75
123	-234.56
3 	27.5
82 	-18.75
123	1234.56
56	187.99
27	4239.22
82	118.75
123	-234.56
3 	27.5
82 	-18.75
123	1234.56
56	187.99
27	4239.22
82	118.75
123	-234.56
3 	27.5
82 	-18.75
123	1234.56
56	187.99
27	4239.22
82	118.75
123	-234.56
3 	27.5
82 	-18.75
123	1234.56
56	187.99
27	4239.22
82	118.75
123	-234.56
3 	27.5
82 	-18.75
123	1234.56
56	187.99
27	4239.22
82	118.75
123	-234.56
3 	27.5
82 	-18.75
123	1234.56
56	187.99
27	4239.22
82	118.75
123	-234.56
3 	27.5
82 	-18.75
123	1234.56
56	187.99
27	4239.22
82	118.75
123	-234.56
3 	27.5
82 	-18.75
123	1234.56
56	187.99
27	4239.22
82	118.75
123	-234.56
3 	27.5
82 	-18.75
123	1234.56
56	187.99
27	4239.22
82	118.75
123	-234.56
3 	27.5
82 	-18.75
123	1234.56
56	187.99
27	4239.22
82	118.75
123	-234.56
82	118.75
123	-234.56
3 	27.5
82 	-18.75
123	1234.56
56	187.99
27	4239.22
